0.036133,528,304,31,0,87676.08594,4,1421927414,7.005,0.0,2,1
0.001119,146,178,31,0,521894.5313,2,1421927414,0.017,0.0,12,2
0.001209,132,164,31,0,436724.5625,2,1421927414,0.043,0.0,6,1
0.001169,146,178,31,0,499572.25,2,1421927414,0.005,0.0,7,1
0.0783389999999999,568,312,31,0,43503.23438,4,1421927414,21.003,0.0,2,1
0.001134,132,164,31,0,465608.4688,2,1421927414,0.017,0.0,12,2
0.0,46,0,0,0,0.0,1,1421927415,0.0,0.0,2,2
0.001126,146,178,31,0,518650.0938,2,1421927415,0.018,0.0,6,1
0.001167,132,164,31,0,452442.1563,2,1421927415,0.018,0.0,6,1
0.0,46,0,0,0,0.0,1,1421927415,0.0,0.0,2,2
0.0,46,0,0,0,0.0,1,1421927415,0.0,0.0,2,2
0.0,46,0,0,0,0.0,1,1421927415,0.0,0.0,2,2
0.001093,132,164,31,0,483074.0938,2,1421927415,0.018,0.0,6,1
0.001851,528,304,31,0,1711507.25,4,1421927415,0.471,0.0,8,1
0.001749,528,304,31,0,1811320.75,4,1421927415,0.458333,0.0,8,1
0.0011279999999999,132,164,31,0,468085.125,2,1421927415,0.017,0.0,7,1
0.005153,568,312,31,0,661362.3125,4,1421927415,1.348,0.0,8,2
0.004898,568,312,31,0,695794.1875,4,1421927415,1.269667,0.0,8,2
0.001111,132,164,31,0,475247.5313,2,1421927415,0.018,0.0,5,1
2.1e-05,728,0,254,0,138666672.0,2,1421927415,0.021,0.0,1,1
0.240139,918,25552,62,10,28050.42188,12,1421927416,21.830818,0.044947,3,1
2.39039,1362,268,254,1,4233.619140999999,14,1421927414,183.579303,0.048129,5,1
0.001101,132,164,31,0,479564.0313,2,1421927416,0.017,0.0,7,1
0.001082,132,164,31,0,487985.2188,2,1421927416,0.011,0.0,7,1
0.001122,132,164,31,0,470588.2188,2,1421927416,0.018,0.0,8,2
0.001141,146,178,31,0,511831.75,2,1421927416,0.017,0.0,5,1
0.001164,146,178,31,0,501718.2188,2,1421927416,0.018,0.0,3,1
0.001127,132,164,31,0,468500.4688,2,1421927416,0.017,0.0,6,1
0.001073,132,164,31,0,492078.2813,2,1421927416,0.011,0.0,6,1
0.001196,146,178,31,0,488294.3125,2,1421927416,0.017,0.0,8,2
0.001101,132,164,31,0,479564.0313,2,1421927416,0.017,0.0,6,1
0.001058,146,178,31,0,551984.875,2,1421927417,0.017,0.0,6,2
0.0011,132,164,31,0,480000.0,2,1421927417,0.018,0.0,6,2
0.001126,146,178,31,0,518650.0938,2,1421927417,0.011,0.0,8,1
0.001017,146,178,31,0,574238.0,2,1421927417,0.011,0.0,5,2
0.001094,132,164,31,0,482632.5625,2,1421927417,0.011,0.0,5,2
0.001092,132,164,31,0,483516.4688,2,1421927417,0.017,0.0,3,1
0.001082,132,164,31,0,487985.2188,2,1421927417,0.017,0.0,7,1
0.17519,8168,268,254,1,346366.8125,14,1421927417,11.837692,0.0461339999999999,1,1
0.1906,844,268,254,1,31899.26758,10,1421927418,18.573778,0.044321,3,1
0.001089,132,164,31,0,484848.4688,2,1421927418,0.011,0.0,7,2
0.001126,132,164,31,0,468916.5313,2,1421927418,0.017,0.0,8,1
0.001859,528,304,31,0,1704142.0,4,1421927418,0.475333,0.0,5,1
0.001152,132,164,31,0,458333.3125,2,1421927418,0.011,0.0,6,1
0.004996,568,312,31,0,682145.75,4,1421927418,1.312667,0.0,5,1
0.001044,146,178,31,0,559386.9375,2,1421927418,0.018,0.0,7,2
0.001089,132,164,31,0,484848.4688,2,1421927418,0.018,0.0,7,1
0.001122,146,178,31,0,520499.0938,2,1421927418,0.017,0.0,5,1
0.001201,130,162,31,0,432972.5313,2,1421927418,0.019,0.0,12,1
0.0010789999999999,132,164,31,0,489342.0,2,1421927419,0.011,0.0,12,2
0.001864,528,304,31,0,1699570.875,4,1421927419,0.474333,0.0,8,1
0.0051,568,312,31,0,668235.25,4,1421927419,1.332667,0.0,8,1
0.001123,132,164,31,0,470169.1563,2,1421927419,0.012,0.0,7,1
0.001112,132,164,31,0,474820.1563,2,1421927419,0.018,0.0,6,1
0.001066,132,164,31,0,495309.5938,2,1421927419,0.011,0.0,6,1
0.001108,130,162,31,0,469314.0625,2,1421927419,0.017,0.0,12,2
0.177449,1214,268,254,1,49276.12891,10,1421927419,19.203667000000003,0.044904,5,1
0.19491,844,268,254,1,31193.882810000003,10,1421927420,19.932667,0.0442399999999999,1,1
0.011205,528,304,31,0,282730.9375,4,1421927420,0.449333,0.0,8,1
0.001091,130,162,31,0,476626.9375,2,1421927420,0.011,0.0,8,2
0.001091,130,162,31,0,476626.9375,2,1421927420,0.011,0.0,5,1
0.001135,132,164,31,0,465198.2188,2,1421927420,0.011,0.0,7,1
0.001105,132,164,31,0,477828.0313,2,1421927420,0.011,0.0,7,1
0.0010869999999999,146,178,31,0,537258.5,2,1421927420,0.011,0.0,8,2
0.040337,568,312,31,0,84488.1875,4,1421927420,8.349667,0.0,8,1
0.0314,520,304,31,0,99363.0625,4,1421927420,5.437333,0.0,2,1
0.0601919999999999,568,304,31,0,56618.82031,4,1421927420,15.011,0.0,2,1
0.001044,130,162,31,0,498084.2813,2,1421927420,0.011,0.0,6,1
0.004565,568,304,31,0,746549.8125,4,1421927421,1.225333,0.0,5,1
0.001118,132,164,31,0,472271.9063,2,1421927421,0.012,0.0,12,3
0.00112,132,164,31,0,471428.5625,2,1421927421,0.018,0.0,12,3
0.001118,132,164,31,0,472271.9063,2,1421927421,0.012,0.0,12,3
0.001775,520,304,31,0,1757746.5,4,1421927421,0.461667,0.0,5,1
0.0010869999999999,146,178,31,0,537258.5,2,1421927421,0.011,0.0,6,1
0.001111,132,164,31,0,475247.5313,2,1421927421,0.017,0.0,6,1
0.001118,132,164,31,0,472271.9063,2,1421927421,0.011,0.0,7,1
0.291485,804,948,62,2,19870.66211,10,1421927421,32.387221999999994,0.049491,5,1
2.59291,2082,268,254,1,5967.041015999999,14,1421927419,198.502841,0.048351,5,2
0.2329389999999999,828,4004,62,3,25620.44141,10,1421927422,25.882111,0.046747,1,1
0.432056,838,986,62,2,13979.66895,10,1421927421,48.006222,0.0448649999999999,5,2
0.00106,130,162,31,0,490566.0313,2,1421927422,0.018,0.0,6,1
0.001073,132,164,31,0,492078.2813,2,1421927422,0.011,0.0,6,1
0.001176,132,164,31,0,448979.5938,2,1421927422,0.012,0.0,7,1
0.001214,146,178,31,0,481054.3438,2,1421927422,0.018,0.0,5,1
0.001126,132,164,31,0,468916.5313,2,1421927422,0.011,0.0,6,1
0.00108,146,178,31,0,540740.75,2,1421927422,0.011,0.0,12,1
0.0010609999999999,132,164,31,0,497643.7188,2,1421927423,0.011,0.0,8,2
0.00178,520,304,31,0,1752809.0,4,1421927423,0.461333,0.0,2,1
0.001125,146,178,31,0,519111.125,2,1421927423,0.017,0.0,5,1
0.001064,132,164,31,0,496240.625,2,1421927423,0.011,0.0,12,1
0.001083,146,178,31,0,539242.875,2,1421927423,0.011,0.0,5,1
0.0011279999999999,132,164,31,0,468085.125,2,1421927423,0.011,0.0,7,1
0.001166,132,164,31,0,452830.1875,2,1421927423,0.018,0.0,8,2
0.00468,568,304,31,0,728205.1875,4,1421927423,1.256667,0.0,2,1
0.244832,876,9446,62,5,25780.94336,10,1421927423,27.203556,0.044807,3,1
0.0010689999999999,130,162,31,0,486435.9375,2,1421927424,0.011,0.0,12,2
0.0017929999999999,520,304,31,0,1740100.375,4,1421927424,0.456667,0.0,5,1
0.001112,146,178,31,0,525179.875,2,1421927424,0.011,0.0,12,2
0.001141,146,178,31,0,511831.75,2,1421927424,0.019,0.0,5,1
0.004906,568,304,31,0,694659.5625,4,1421927424,1.334,0.0,3,1
0.001256,132,164,31,0,420382.1563,2,1421927424,0.012,0.0,12,1
0.001185,130,162,31,0,438818.5938,2,1421927424,0.012,0.0,8,1
0.001055,146,178,31,0,553554.5,2,1421927425,0.011,0.0,10,3
0.004837,568,312,31,0,704569.0,4,1421927425,1.248333,0.0,2,1
0.0010949999999999,130,162,31,0,474885.875,2,1421927425,0.011,0.0,12,1
0.001735,528,304,31,0,1825936.5,4,1421927425,0.4539999999999999,0.0,2,1
0.001067,132,164,31,0,494845.375,2,1421927425,0.012,0.0,10,3
0.001185,130,162,31,0,438818.5938,2,1421927425,0.011,0.0,10,3
0.249003,744,1306,62,2,21525.8457,10,1421927425,27.667,0.044937,3,1
1.7e-05,168,0,254,0,39529412.0,2,1421927426,0.017,0.0,2,1
0.513537,776,1284,62,2,10889.18652,10,1421927425,57.059667000000005,0.064912,3,1
0.001023,130,162,31,0,508308.9063,2,1421927426,0.011,0.0,8,1
0.0011,132,164,31,0,480000.0,2,1421927426,0.011,0.0,12,2
0.001109,130,162,31,0,468890.9063,2,1421927426,0.011,0.0,12,2
0.001135,132,164,31,0,465198.2188,2,1421927426,0.011,0.0,9,2
0.001094,130,162,31,0,475319.9375,2,1421927426,0.01,0.0,8,1
0.001107,146,178,31,0,527551.9375,2,1421927426,0.011,0.0,9,2
0.001207,132,164,31,0,437448.2188,2,1421927427,0.011,0.0,9,2
50.004337,384,0,1,0,51.19556,6,1421927377,10000.867,0.0,2,2
50.004341,384,0,1,0,51.195557,6,1421927377,10000.869,0.0,2,2
50.004337,384,0,1,0,51.19556,6,1421927377,10000.867,0.0,2,2
50.004341,384,0,1,0,51.195557,6,1421927377,10000.869,0.0,2,2
0.001175,146,178,31,0,497021.2813,2,1421927427,0.011,0.0,9,2
0.001034,132,164,31,0,510638.3125,2,1421927427,0.012,0.0,8,2
0.001083,146,178,31,0,539242.875,2,1421927427,0.011,0.0,5,2
0.00112,146,178,31,0,521428.5625,2,1421927427,0.011,0.0,12,1
0.001148,146,178,31,0,508710.7813,2,1421927427,0.011,0.0,8,1
0.001035,132,164,31,0,510144.9375,2,1421927427,0.012,0.0,8,2
0.001117,146,178,31,0,522829.0,2,1421927427,0.011,0.0,5,2
0.2147349999999999,980,268,254,1,32859.10547,10,1421927427,20.075556,0.045535,3,1
0.911799,1506,141751,62,55,12713.32813,26,1421927427,36.471959000000005,0.009693,1,1
0.001084,146,178,31,0,538745.375,2,1421927428,0.011,0.0,12,1
0.001106,132,164,31,0,477396.0,2,1421927428,0.011,0.0,5,1
0.001104,130,162,31,0,471014.4688,2,1421927428,0.011,0.0,4,1
0.0017399999999999,528,304,31,0,1820689.625,4,1421927428,0.449,0.0,4,1
0.004877,568,312,31,0,698790.25,4,1421927428,1.271,0.0,4,1
0.001149,132,164,31,0,459530.0313,2,1421927428,0.011,0.0,9,1
0.00109,132,164,31,0,484403.6563,2,1421927428,0.005,0.0,8,1
0.001124,146,178,31,0,519572.9688,2,1421927429,0.018,0.0,10,1
0.001127,132,164,31,0,468500.4688,2,1421927429,0.011,0.0,9,2
0.001155,132,164,31,0,457142.875,2,1421927429,0.011,0.0,9,2
0.001097,132,164,31,0,481312.6875,2,1421927429,0.011,0.0,5,1
0.001164,132,164,31,0,453608.25,2,1421927429,0.011,0.0,12,1
0.695382,564,354,254,1,5844.27002,10,1421927428,76.503111,0.022365,3,1
0.2903949999999999,1314,1172,254,2,33196.16406,12,1421927429,25.254454,0.04502,2,1
0.195749,946,268,254,1,34820.10156,10,1421927430,20.346,0.047398,1,1
0.001107,146,178,31,0,527551.9375,2,1421927430,0.011,0.0,9,2
0.004571,568,304,31,0,745569.875,4,1421927430,1.212,0.0,2,1
0.001152,130,162,31,0,451388.875,2,1421927430,0.011,0.0,9,2
0.001106,146,178,31,0,528028.9375,2,1421927430,0.011,0.0,10,1
0.004458,568,304,31,0,764468.375,4,1421927430,1.194667,0.0,4,1
0.001764,520,304,31,0,1768707.5,4,1421927430,0.451,0.0,2,1
0.001695,520,304,31,0,1840708.0,4,1421927430,0.437667,0.0,4,1
0.00114,132,164,31,0,463157.9063,2,1421927430,0.011,0.0,4,1
0.0013039999999999,132,164,31,0,404907.9688,2,1421927430,0.011,0.0,9,1
0.001127,132,164,31,0,468500.4688,2,1421927430,0.011,0.0,1,1
0.001138,146,178,31,0,513181.0,2,1421927431,0.011,0.0,12,1
0.001063,132,164,31,0,496707.4688,2,1421927431,0.011,0.0,9,2
0.001062,132,164,31,0,497175.125,2,1421927431,0.011,0.0,9,2
0.004717,568,312,31,0,722493.125,4,1421927431,1.218,0.0,2,1
0.001121,132,164,31,0,471008.0,2,1421927431,0.011,0.0,4,1
0.001098,132,164,31,0,480874.3125,2,1421927431,0.021,0.0,2,1
0.001687,528,304,31,0,1877889.75,4,1421927431,0.4363329999999999,0.0,2,1
0.001186,130,162,31,0,438448.5938,2,1421927431,0.011,0.0,8,1
0.1852859999999999,1144,268,254,1,44471.78906,10,1421927431,18.906778,0.047234,2,1
0.00109,132,164,31,0,484403.6563,2,1421927432,0.011,0.0,10,1
0.001838,528,304,31,0,1723612.625,4,1421927432,0.467667,0.0,2,1
0.001077,146,178,31,0,542246.9375,2,1421927432,0.011,0.0,9,1
0.001059,132,164,31,0,498583.5625,2,1421927432,0.011,0.0,9,1
0.001108,132,164,31,0,476534.2813,2,1421927432,0.012,0.0,4,1
0.001094,146,178,31,0,533820.875,2,1421927432,0.019,0.0,12,1
0.0010869999999999,132,164,31,0,485740.5625,2,1421927432,0.008,0.0,5,1
0.004906,568,312,31,0,694659.5625,4,1421927432,1.281333,0.0,2,1
0.001098,132,164,31,0,480874.3125,2,1421927433,0.011,0.0,12,2
0.0010539999999999,132,164,31,0,500948.7813,2,1421927433,0.012,0.0,9,1
0.001044,132,164,31,0,505747.125,2,1421927433,0.012,0.0,9,1
0.001099,132,164,31,0,480436.7813,2,1421927433,0.011,0.0,2,1
0.0010949999999999,130,162,31,0,474885.875,2,1421927433,0.01,0.0,8,1
0.001085,130,162,31,0,479262.6875,2,1421927433,0.011,0.0,12,2
1.040816,1608,132728,62,56,11975.21973,32,1421927432,33.57471,0.051024,3,1
0.004814,568,312,31,0,707935.1875,4,1421927434,1.245667,0.0,3,1
0.001078,132,164,31,0,489795.9375,2,1421927434,0.011,0.0,9,1
0.001756,528,304,31,0,1804100.25,4,1421927434,0.447333,0.0,3,1
0.001024,146,178,31,0,570312.5,2,1421927434,0.011,0.0,8,2
0.001107,132,164,31,0,476964.75,2,1421927434,0.011,0.0,10,1
0.001083,130,162,31,0,480147.75,2,1421927434,0.011,0.0,8,2
0.001083,130,162,31,0,480147.75,2,1421927434,0.011,0.0,8,2
0.001096,146,178,31,0,532846.75,2,1421927434,0.011,0.0,8,2
0.0010949999999999,132,164,31,0,482191.8125,2,1421927434,0.011,0.0,9,1
0.625212,564,354,254,1,6500.194824,10,1421927433,69.003556,0.045055,1,1
0.001125,146,178,31,0,519111.125,2,1421927435,0.011,0.0,10,3
0.00112,132,164,31,0,471428.5625,2,1421927435,0.011,0.0,8,2
0.000997,146,178,31,0,585757.25,2,1421927435,0.011,0.0,10,3
0.001068,146,178,31,0,546816.5,2,1421927435,0.012,0.0,12,1
0.001034,132,164,31,0,510638.3125,2,1421927435,0.011,0.0,8,2
0.001099,130,162,31,0,473157.4063,2,1421927435,0.011,0.0,10,3
0.629429,564,354,254,1,6456.645996,10,1421927434,69.39066700000001,0.045836,2,1
0.2682719999999999,878,1002,62,2,23588.0,10,1421927435,29.808000000000003,0.046837,3,1
0.001116,132,164,31,0,473118.2813,2,1421927436,0.012,0.0,8,1
0.001138,132,164,31,0,463971.875,2,1421927436,0.011,0.0,2,1
0.001122,132,164,31,0,470588.2188,2,1421927436,0.011,0.0,8,1
0.0010789999999999,132,164,31,0,489342.0,2,1421927436,0.011,0.0,4,1
0.257718,798,5348,62,3,22318.96875,10,1421927436,28.635333000000003,0.046907,2,1
0.001902,520,304,31,0,1640378.5,4,1421927437,0.489667,0.0,7,1
0.00109,132,164,31,0,484403.6563,2,1421927437,0.012,0.0,7,2
0.005018,568,304,31,0,679155.0625,4,1421927437,1.354,0.0,7,1
0.0011279999999999,146,178,31,0,517730.5,2,1421927437,0.012,0.0,4,1
0.001066,132,164,31,0,495309.5938,2,1421927437,0.011,0.0,7,2
0.001099,132,164,31,0,480436.7813,2,1421927437,0.011,0.0,8,2
0.001265,130,162,31,0,411067.2188,2,1421927437,0.012,0.0,8,2
0.0011279999999999,130,162,31,0,460992.9063,2,1421927438,0.012,0.0,7,1
0.00198,528,304,31,0,1600000.0,4,1421927438,0.512333,0.0,7,1
0.00108,132,164,31,0,488888.9063,2,1421927438,0.011,0.0,1,1
0.0053,568,312,31,0,643018.875,4,1421927438,1.386333,0.0,7,1
0.001098,130,162,31,0,473588.3438,2,1421927438,0.011,0.0,3,1
0.001132,130,162,31,0,459363.9688,2,1421927438,0.011,0.0,3,1
0.001107,146,178,31,0,527551.9375,2,1421927438,0.011,0.0,5,1
0.261421,840,1420,62,2,23135.09766,10,1421927438,29.046778000000003,0.044847,2,1
0.00114,146,178,31,0,512280.7188,2,1421927439,0.012,0.0,7,1
0.001044,130,162,31,0,498084.2813,2,1421927439,0.008,0.0,3,1
0.0,1780,0,64,0,196.4095,5,1421927381,14500.316,0.0,2,1
0.0,1780,0,64,0,196.4095,5,1421927381,14500.316,0.0,2,1
0.00106,132,164,31,0,498113.1875,2,1421927439,0.011,0.0,2,1
0.00107,132,164,31,0,493457.9375,2,1421927439,0.012,0.0,5,1
0.001144,130,162,31,0,454545.4688,2,1421927439,0.011,0.0,2,1
0.001257,130,162,31,0,413683.375,2,1421927439,0.011,0.0,8,1
0.001124,132,164,31,0,469750.9063,2,1421927440,0.011,0.0,8,2
0.001075,146,178,31,0,543255.8125,2,1421927440,0.011,0.0,8,2
0.001114,132,164,31,0,473967.6875,2,1421927440,0.012,0.0,7,1
0.001088,146,178,31,0,536764.6875,2,1421927440,0.012,0.0,4,1
0.001053,132,164,31,0,501424.5,2,1421927440,0.012,0.0,3,1
0.001173,132,164,31,0,450127.875,2,1421927440,0.012,0.0,5,2
0.0010539999999999,132,164,31,0,500948.7813,2,1421927440,0.011,0.0,5,2
0.787029,3422,1834,62,8,33045.79688,20,1421927439,41.422578,0.046932,1,1
0.001077,132,164,31,0,490250.6875,2,1421927441,0.011,0.0,3,1
0.001133,130,162,31,0,458958.5,2,1421927441,0.012,0.0,4,1
0.001089,132,164,31,0,484848.4688,2,1421927441,0.012,0.0,7,1
0.00108,132,164,31,0,488888.9063,2,1421927441,0.012,0.0,8,2
0.001118,132,164,31,0,472271.9063,2,1421927441,0.012,0.0,3,1
0.001053,132,164,31,0,501424.5,2,1421927441,0.012,0.0,8,2
0.6486689999999999,2730,1212,254,6,31806.66797,18,1421927440,36.614588,0.046929,1,1
1.9e-05,1388,0,254,0,292210528.0,2,1421927441,0.019,0.0,1,1
0.001109,132,164,31,0,476104.625,2,1421927442,0.012,0.0,3,1
0.001052,132,164,31,0,501901.1563,2,1421927442,0.012,0.0,5,1
0.001124,132,164,31,0,469750.9063,2,1421927442,0.012,0.0,2,1
1.2e-05,168,0,254,0,56000000.0,2,1421927442,0.012,0.0,1,1
2.234799,1052,824,31,2,3296.940918,8,1421927441,319.156009,0.000159,3,3
2.006714,1052,824,31,2,3671.674072,8,1421927441,286.504277,0.000174,5,5
4.503565,1052,824,31,2,1636.037231,8,1421927439,643.061,0.00016,4,4
3.846685,1052,824,31,2,1915.415527,8,1421927439,549.471875,0.000154,3,3
6.112835,1052,824,31,2,1205.332764,8,1421927437,873.1099820000001,0.000156,4,4
8.212166999999999,1052,824,31,2,897.205383,8,1421927435,1172.9686789999998,0.000137,4,4
0.037329,1540,1644,31,4,309464.5,16,1421927443,2.4681330000000004,0.00079,7,3
0.013642,132,164,31,0,38704.00391,2,1421927443,0.004,0.0,3,2
0.0860799999999999,1540,1644,31,4,134200.75,16,1421927443,5.715,0.000472,3,3
0.03954,1540,1644,31,4,292159.8438,16,1421927443,2.582867,0.000117,1,1
0.060162,1540,1644,31,4,192014.8906,16,1421927443,3.934867,0.000146,1,1
14.197116,1052,824,31,2,518.9786379999999,8,1421927429,2028.104286,0.00014,4,4
23.899174,1052,824,31,2,308.295166,8,1421927419,3414.0575710000003,0.000144,6,6
28.12635,1052,824,31,2,261.960754,8,1421927415,4017.865429,0.000172,6,6
28.680214000000003,1052,824,31,2,256.90185499999995,8,1421927414,4097.085429,0.000157,4,4
2.966982,1052,824,31,2,2483.331543,8,1421927440,423.793866,0.000155,4,4
2.809813,1052,824,31,2,2622.238525,8,1421927440,401.234562,0.000149,4,4
6.091215,1052,824,31,2,1209.61084,8,1421927437,870.0999820000001,0.000143,5,5
7.647810000000001,1052,824,31,2,963.413086,8,1421927436,1092.383,0.000154,5,5
12.428,1052,824,31,2,592.854797,8,1421927431,1775.270857,0.000143,3,3
10.367127,1052,824,31,2,710.707947,8,1421927433,1480.958536,0.000146,3,3
10.929884,1052,824,31,2,674.1151120000001,8,1421927432,1561.261036,0.00014,4,4
0.037953,1540,1644,31,4,304376.4688,16,1421927443,2.498267,0.000194,7,3
0.027114,1540,1644,31,4,426052.9688,16,1421927443,1.7178,0.0008289999999999,7,3
0.166605,130,162,31,0,3121.155029,2,1421927443,0.004,0.0,3,2
0.08713,1540,1644,31,4,132583.4844,16,1421927443,5.7328,0.000488,3,3
0.001689,520,304,31,0,1847246.875,4,1421927443,0.441667,0.0,2,1
22.198818,1052,824,31,2,331.909546,8,1421927421,3171.130143,0.00014,6,6
21.873175,1052,824,31,2,336.850952,8,1421927421,3124.416214,0.000145,4,4
20.457491,1052,824,31,2,360.161469,8,1421927423,2922.419643,0.000146,5,5
20.853247,1052,824,31,2,353.326263,8,1421927422,2978.852214,0.00014,3,3
27.442144,1052,824,31,2,268.492126,8,1421927416,3920.013286,0.0001629999999999,6,6
26.605263,1052,824,31,2,276.937683,8,1421927417,3800.567,0.000164,4,4
0.05101,1540,1644,31,4,226465.3906,16,1421927443,3.324667,0.0001909999999999,1,1
2.252992,1052,824,31,2,3270.318115,8,1421927441,321.67258,0.000155,4,4
10.782184,1052,824,31,2,683.349548,8,1421927433,1540.246679,0.00014,2,2
9.960735,1052,824,31,2,739.7044070000001,8,1421927433,1422.865464,0.000157,3,3
16.696325,1034,824,31,2,433.6283570000001,8,1421927426,2385.135929,0.000138,2,2
26.564104,1052,824,31,2,277.36679100000003,8,1421927417,3794.723429,0.00016,4,4
22.006037,1052,824,31,2,334.81723,8,1421927421,3143.414429,0.0001409999999999,4,4
23.296978,1052,824,31,2,316.26419100000004,8,1421927420,3328.060143,0.000132,6,6
0.00113,146,178,31,0,516814.1563,2,1421927443,0.011,0.0,7,1
0.0769659999999999,1540,1644,31,4,150092.25,16,1421927443,5.1072,0.0008039999999999,3,3
0.004543,568,304,31,0,750165.125,4,1421927443,1.218667,0.0,2,1
1.542397,1052,824,31,2,4776.97998,8,1421927442,220.280576,0.000154,4,4
3.3697980000000003,1034,824,31,2,2148.496826,8,1421927440,481.102411,0.000147,5,5
16.867229000000002,1052,824,31,2,436.823364,8,1421927426,2409.5445,0.0001419999999999,3,3
6.700933999999999,1052,824,31,2,1099.548218,8,1421927436,957.094536,0.000157,6,6
15.715037,1052,824,31,2,468.850311,8,1421927428,2244.854214,0.0001419999999999,4,4
11.88349,1052,824,31,2,620.019897,8,1421927431,1697.57675,0.000139,3,3
12.394734,1052,824,31,2,594.445984,8,1421927431,1770.58025,0.000145,3,3
11.651845,1052,824,31,2,632.346191,8,1421927432,1664.472607,0.000149,4,4
14.255907,1052,824,31,2,516.838379,8,1421927429,2036.389357,0.000145,6,6
0.05101,1540,1644,31,4,226465.3906,16,1421927443,3.324667,0.0001909999999999,9,5
0.174755,1052,824,31,2,42161.88281,8,1421927443,24.809142,0.000148,5,5
0.039511,1540,1644,31,4,292374.2813,16,1421927443,2.611933,0.000101,8,4
0.044479,1540,1644,31,4,259718.0625,16,1421927443,2.939333,0.000743,8,4
0.060936,1540,1644,31,4,189575.9531,16,1421927443,3.982267,0.000273,4,4
0.0604679999999999,1540,1644,31,4,191043.2031,16,1421927443,4.001133,0.000359,4,4
23.02706,1052,824,31,2,319.971375,8,1421927420,3275.290286,0.000137,9,8
25.474094,1052,824,31,2,289.23501600000003,8,1421927418,3638.711857,0.000151,2,2
25.376249,1052,824,31,2,290.35025,8,1421927418,3624.858143,0.00016,9,8
29.268066,1052,824,31,2,251.741943,8,1421927414,4181.063143,0.0001699999999999,6,4
26.991116,1052,824,31,2,272.978699,8,1421927416,3855.719429,0.000158,9,8
2.012737,1052,824,31,2,3660.686768,8,1421927441,287.378134,0.000156,4,3
9.113057,1052,824,31,2,808.510254,8,1421927434,1301.687964,0.000143,6,6
11.38493,1052,824,31,2,647.171326,8,1421927432,1626.326857,0.000137,4,4
13.468127,1052,824,31,2,547.069397,8,1421927430,1923.949786,0.000176,6,4
16.012999,1052,824,31,2,460.12619000000007,8,1421927427,2287.4190710000003,0.0001409999999999,9,8
0.141118,1540,1644,31,4,81860.57031,16,1421927443,9.375667,0.001762,3,2
0.047284,1540,1644,31,4,244310.9688,16,1421927443,3.1296,0.001714,4,4
24.033424,1052,824,31,2,306.573029,8,1421927419,3433.288286,0.000147,7,6
27.092768,1052,824,31,2,271.954498,8,1421927416,3870.316286,0.000121,7,6
28.78933,1052,824,31,2,255.928162,8,1421927414,4112.567143,0.00016,6,6
1.7520099999999998,1052,824,31,2,4205.455566,8,1421927441,250.235429,0.000132,6,6
5.0423230000000006,1052,824,31,2,1461.231201,8,1421927438,720.277143,0.00016,6,4
0.015244,320,1826,31,2,140120.7031,6,1421927443,2.8208,0.000949,1,1
0.039414,1540,1644,31,4,293093.8125,16,1421927443,2.6002,0.000754,3,2
0.098104,1540,1644,31,4,117752.5859,16,1421927443,6.4718,0.000839,9,5
0.086391,1540,1644,31,4,133717.625,16,1421927443,5.736934,0.0002009999999999,3,2
0.031747,1540,1644,31,4,363876.9063,16,1421927443,2.047133,0.000129,8,4
0.0011949999999999,146,178,31,0,488702.9063,2,1421927443,0.012,0.0,1,1
19.05183,1052,824,31,2,386.734497,8,1421927424,2721.580786,0.000145,5,5
20.291468,1052,824,31,2,363.108276,8,1421927423,2898.695,0.000138,9,8
20.933847,1052,824,31,2,351.965881,8,1421927422,2990.473357,0.000137,9,8
21.034044,1052,824,31,2,350.289276,8,1421927422,3004.773286,0.000146,4,4
26.464136,1052,824,31,2,278.41452000000004,8,1421927417,3780.422857,0.000137,6,6
26.295465000000004,1052,824,31,2,280.200409,8,1421927417,3756.384,0.000165,5,5
28.563492,1052,824,31,2,257.95166,8,1421927415,4080.433143,0.000132,7,6
28.305147,1052,824,31,2,260.306,8,1421927415,4043.424,0.00016,4,4
27.092768,1052,824,31,2,271.954498,8,1421927416,3870.316286,0.000121,7,6
0.051073,1540,1644,31,4,226186.0469,16,1421927443,3.381,0.000692,9,5
0.028475,1540,1644,31,4,405689.2188,16,1421927443,1.868333,0.00084,9,5
0.019337,320,1826,31,2,110461.8047,6,1421927443,3.7888,0.001844,2,2
0.001115,132,164,31,0,473542.5938,2,1421927443,0.011,0.0,1,1
3.575787,1052,824,31,2,2060.525391,8,1421927440,510.654875,0.000149,3,2
7.790827,1052,824,31,2,945.7276,8,1421927436,1112.860679,0.0001419999999999,2,2
7.260025,1052,824,31,2,1014.872559,8,1421927436,1037.088571,0.000157,5,4
11.131927,1052,824,31,2,661.880066,8,1421927432,1590.107107,0.000138,7,6
14.398533,1052,824,31,2,511.718811,8,1421927429,2056.804786,0.0001419999999999,5,5
20.481709,1052,824,31,2,359.735626,8,1421927423,2925.856786,0.000144,5,4
20.632902,1052,824,31,2,357.099548,8,1421927423,2947.409643,0.000139,4,3
26.93326,1052,824,31,2,273.565094,8,1421927416,3847.441143,0.000144,4,4
0.10101,1540,1644,31,4,114364.9141,16,1421927443,6.595867,0.0007769999999999,9,5
0.011614,1052,824,31,2,634406.75,8,1421927443,1.604429,0.001643,9,8
0.287141,320,1826,31,2,7438.854004000001,6,1421927443,57.2046,0.000132,2,2
0.087352,1540,1644,31,4,132246.5469,16,1421927443,5.7988,9.3e-05,3,2
0.039965,1540,1644,31,4,289052.9063,16,1421927443,2.642533,0.000828,8,4
0.060673,1540,1644,31,4,190397.7031,16,1421927443,4.021667,0.000458,4,4
2.93372,1052,824,31,2,2511.487061,8,1421927440,419.042,0.000159,3,2
15.562955,1052,824,31,2,473.431946,8,1421927428,2222.989786,0.0001419999999999,5,4
16.445951,1034,824,31,2,440.22991900000005,8,1421927427,2348.837214,0.000296,6,6
16.554028,1052,824,31,2,445.088074,8,1421927427,2364.7005,0.000155,9,8
24.73114,1052,824,31,2,297.923981,8,1421927419,3532.862571,0.000149,6,4
23.828184,1052,824,31,2,309.213654,8,1421927419,3403.7315,0.000159,5,4
25.450432,1052,824,31,2,289.503937,8,1421927418,3635.276857,0.00014,7,6
24.954138,1052,824,31,2,295.261658,8,1421927418,3564.727571,0.000144,4,3
28.791166,1052,824,31,2,255.911835,8,1421927415,4112.869857,0.000167,5,5
0.187885,842,5084,62,3,32275.0625,10,1421927443,20.876111,0.044772,1,1
14.31095,1052,824,31,2,514.850525,8,1421927429,2044.2575,0.000132,5,1
1.125098,1540,1644,31,4,10267.54981,16,1421927443,74.926399,0.001714,7,7
0.664413,1540,1644,31,4,17386.77734,16,1421927443,44.271202,0.000153,7,7
0.222928,1540,1644,31,4,51819.42188,16,1421927443,14.8404,0.000993,9,4
0.313031,1540,1644,31,4,36903.69531,16,1421927443,20.846533,0.0003779999999999,9,4
0.648347,1540,1644,31,4,17817.61914,16,1421927443,43.200466,0.000711,3,1
0.7003560000000001,1540,1644,31,4,16494.46875,16,1421927443,46.666668,0.000734,2,2
0.206084,1540,1644,31,4,56054.8125,16,1421927443,13.683333,0.001867,8,4
1.809801,1052,824,31,2,4071.165771,8,1421927442,258.374295,0.000149,3,1
9.713099,1052,824,31,2,758.5632929999999,8,1421927434,1387.53425,0.000151,6,2
0.425799,1540,1644,31,4,27130.17188,16,1421927444,28.223334,0.0008449999999999,7,7
0.380603,1540,1644,31,4,30351.83789,16,1421927444,25.352466,0.000867,6,6
0.413293,1540,1644,31,4,27951.11523,16,1421927444,27.53,0.0009449999999999,1,1
0.153595,1540,1644,31,4,75210.78125,16,1421927444,10.156534,0.00015,8,4
13.951939,1052,824,31,2,528.0986330000001,8,1421927430,1992.975071,0.000133,7,1
13.646975,1052,824,31,2,539.899902,8,1421927430,1949.403929,0.000134,4,1
15.408968,1052,824,31,2,478.163116,8,1421927428,2201.1185,0.000172,6,2
9.107625,1052,824,31,2,808.992493,8,1421927435,1300.791393,0.00016,9,1
0.684183,1540,1644,31,4,16884.37109,16,1421927443,45.556002,0.0004599999999999,7,7
0.334132,1540,1644,31,4,34573.16406,16,1421927443,22.240801,0.000634,9,4
1.269562,1540,1644,31,4,9099.201172,16,1421927443,84.61473199999999,0.0009029999999999,6,6
1.24053,1540,1644,31,4,9312.148438,16,1421927443,82.673799,0.0001419999999999,6,6
0.546086,1540,1644,31,4,21154.17578,16,1421927443,36.361067,0.0018329999999999,2,2
1.082598,1540,1644,31,4,10670.62793,16,1421927443,72.14979699999999,0.000813,8,4
0.848425,1540,1644,31,4,13615.81836,16,1421927443,56.532199,0.002789,1,1
0.4796399999999999,1540,1644,31,4,24084.73047,16,1421927444,31.951001,0.001792,7,7
0.45361,1540,1644,31,4,25466.81055,16,1421927444,30.212935,0.000127,7,7
0.63542,1540,1644,31,4,18180.10156,16,1421927444,42.335867,0.000906,6,6
0.814771,1540,1644,31,4,14178.2168,16,1421927444,54.292599,0.000139,6,6
0.565833,1540,1644,31,4,20415.91797,16,1421927444,37.651067,0.0001409999999999,6,6
0.490453,1540,1644,31,4,23553.73438,16,1421927443,32.672401,0.000871,8,4
0.754599,1540,1644,31,4,15308.79395,16,1421927443,50.254734,0.000132,7,7
0.7534810000000001,2198,34406,31,15,22508.86328,28,1421927443,27.891629,0.000718,3,1
0.320761,1540,1644,31,4,36014.35547,16,1421927443,21.359534,0.000133,9,4
0.335681,1540,1644,31,4,34413.625,16,1421927443,22.3554,0.003839,8,7
1.2255280000000002,2198,34406,31,15,13838.93262,28,1421927443,43.557593,0.000705,8,7
0.6378229999999999,1540,1644,31,4,18111.60742,16,1421927443,42.494065,0.000797,13,10
0.549708,2198,34406,31,15,30852.74219,28,1421927443,20.346815,0.000111,13,11
0.6863859999999999,1540,1644,31,4,16830.17969,16,1421927443,45.733868,0.000125,9,4
0.8843,1540,1644,31,4,13063.44043,16,1421927443,58.925401,0.000226,4,2
0.372,1540,1644,31,4,31053.76367,16,1421927443,24.777201,0.000865,8,7
0.781375,1540,1644,31,4,14784.19434,16,1421927443,52.067401,0.000612,14,9
0.7460220000000001,1540,1644,31,4,15484.79785,16,1421927443,49.660133,0.000948,9,4
0.828069,320,1826,31,2,2579.495361,6,1421927443,165.5088,0.0008039999999999,1,1
0.555766,2302,34406,31,15,32042.26367,30,1421927443,19.152104,0.0007379999999999,4,2
9.993944,1052,824,31,2,737.24646,8,1421927434,1420.823107,0.0001419999999999,2,2
0.311312,1540,1644,31,4,37107.46875,16,1421927444,20.7308,0.000159,6,4
0.369066,1540,1644,31,4,31300.63477,16,1421927444,24.579601,0.000767,13,10
0.852985,2302,34406,31,15,20877.27148,30,1421927444,29.399896,0.000399,9,5
0.362594,1540,1644,31,4,31859.32422,16,1421927444,24.1334,0.000103,9,5
0.055553,1052,824,31,2,132630.0938,8,1421927444,7.883999999999999,0.009788,2,2
18.952354,1052,824,31,2,388.764374,8,1421927425,2707.4190710000003,0.000137,2,2
1.205442,1540,1644,31,4,9583.207031,16,1421927443,80.33833299999999,0.000848,13,10
0.6817270000000001,1540,1644,31,4,16945.19922,16,1421927443,45.3952,0.000224,6,4
0.9021,1540,1644,31,4,12805.67481,16,1421927443,60.065136,0.00075,14,9
0.676134,1540,1644,31,4,17085.37109,16,1421927443,45.025202,0.000843,14,9
1.333167,2302,34406,31,15,13357.66699,30,1421927443,45.959552,0.00014,13,11
0.492168,1540,1644,31,4,23471.66016,16,1421927443,32.789933000000005,0.000177,13,11
1.08257,1540,1644,31,4,10670.9043,16,1421927443,72.148003,0.0008349999999999,9,4
6.979913000000001,1052,824,31,2,1055.600464,8,1421927437,996.968857,0.000143,2,2
10.814903,1052,824,31,2,681.282104,8,1421927433,1544.831,0.0001409999999999,2,2
0.635081,1540,1644,31,4,18189.80664,16,1421927444,42.313666,0.000155,13,10
0.56303,1540,1644,31,4,20517.55664,16,1421927444,35.534732,0.000384,13,10
0.0008869999999999,130,162,31,0,586245.75,2,1421927444,0.001,0.0,1,1
0.413017,1540,1644,31,4,27969.79297,16,1421927444,27.5098,0.000144,9,5
0.000891,132,164,31,0,592592.625,2,1421927444,0.004,0.0,1,1
0.1534849999999999,1540,1644,31,4,75264.6875,16,1421927444,10.2096,0.001898,13,11
1.7077060000000002,1052,824,31,2,4314.560059,8,1421927442,243.659562,0.000155,1,1
0.321011,1540,1644,31,4,35986.30469,16,1421927443,21.367133,0.000341,8,7
0.320812,1540,1644,31,4,36008.62891,16,1421927443,21.3332,0.000197,8,7
0.681271,1540,1644,31,4,16956.54102,16,1421927443,48.638927,0.000805,6,4
1.099687,1540,1644,31,4,10504.80762,16,1421927443,73.289867,0.000144,14,9
0.595115,1540,1644,31,4,19411.375,16,1421927443,39.602466,0.000737,9,4
27.7742,1052,824,31,2,265.282166,8,1421927416,3967.572143,0.0001629999999999,2,2
22.784115,1052,824,31,2,323.383209,8,1421927421,3250.714929,0.000139,2,2
0.379217,1540,1644,31,4,30462.76953,16,1421927444,25.259733,0.000135,13,10
0.214048,1540,1644,31,4,53969.20313,16,1421927444,14.2434,0.001702,9,5
0.154069,1540,1644,31,4,74979.39063,16,1421927444,10.192133,0.000889,13,11
0.683609,1540,1644,31,4,16898.54883,16,1421927443,45.553067,0.0002089999999999,6,4
0.238842,1540,1644,31,4,48366.70313,16,1421927443,15.9008,0.001648,8,7
1.303814,1540,1644,31,4,8860.15918,16,1421927443,86.895801,0.001734,13,10
0.646237,1540,1644,31,4,17875.79492,16,1421927443,43.059335,0.000781,6,4
0.523799,1540,1644,31,4,22054.26172,16,1421927443,34.897932,0.000858,6,4
0.4529829999999999,1540,1644,31,4,25502.06055,16,1421927443,30.176666,0.003987,14,9
0.688261,1540,1644,31,4,16784.33008,16,1421927443,45.860868,0.0008289999999999,14,9
0.700112,1540,1644,31,4,16500.2168,16,1421927443,46.600266,0.001684,14,9
1.071383,2198,34406,31,15,15830.00684,28,1421927443,39.668296000000005,0.0009289999999999,14,9
0.492162,1540,1644,31,4,23471.94727,16,1421927443,32.789599,0.0009109999999999,13,11
0.19074,1540,1644,31,4,60564.11719,16,1421927443,12.691467,0.000709,13,11
0.453215,1540,1644,31,4,25489.00586,16,1421927444,30.138467,0.000124,6,4
0.129193,320,1826,31,2,16533.4043,6,1421927444,25.6004,0.001846,1,1
0.220072,1540,1644,31,4,52491.91016,16,1421927444,12.0206,0.000873,13,11
0.031415,1540,1644,31,4,367722.4063,16,1421927444,2.06,0.000196,13,11
27.833111,1052,824,31,2,264.720673,8,1421927416,3976.003857,0.0001629999999999,1,1
12.497994,1052,824,31,2,589.534607,8,1421927431,1785.265571,0.000138,2,2
0.6840390000000001,1540,1644,31,4,16887.92578,16,1421927443,45.576868,0.0009449999999999,6,4
0.374235,1540,1644,31,4,30868.30469,16,1421927443,24.866734,0.000892,8,7
0.258222,1540,1644,31,4,44736.69531,16,1421927443,17.191066,0.000212,14,9
1.213645,1540,1644,31,4,9518.43457,16,1421927443,80.88693,0.000172,13,11
0.490453,1540,1644,31,4,23553.73438,16,1421927443,32.672401,0.000871,13,11
0.001353,146,178,31,0,431633.375,2,1421927444,0.002,0.0,1,1
0.479402,1540,1644,31,4,24096.6875,16,1421927444,31.935532,0.000134,13,10
0.449723,1540,1644,31,4,25686.92188,16,1421927444,29.886465,0.00073,13,10
0.4489399999999999,1540,1644,31,4,25731.72266,16,1421927444,29.905134000000004,0.000129,13,10
0.435493,1540,1644,31,4,26526.25977,16,1421927444,26.312534000000003,0.000825,9,5
0.8646459999999999,2198,34406,31,15,19614.96289,28,1421927444,32.011705,0.000131,6,2
0.831501,424,8824,31,4,3569.448486,8,1421927444,118.675281,0.007828,1,1
11.658178,3806,51808,31,26,2571.242188,64,1421927433,185.04532,0.000145,9,1
1.892299,2302,34406,31,15,9410.774414,30,1421927443,65.235138,0.002872,8,1
1.142613,2302,34406,31,15,15585.3291,30,1421927443,39.389586,0.000774,13,3
1.4719209999999998,1540,1644,31,4,7848.247559,16,1421927443,98.099331,0.0018039999999999,13,3
1.779508,1540,1644,31,4,6491.682129,16,1421927443,118.613667,0.000932,6,2
2.0156080000000003,1540,1644,31,4,5731.272949,16,1421927443,134.35386,0.000629,9,4
1.646047,1540,1644,31,4,7018.025390999999,16,1421927443,109.704001,0.000881,9,4
1.215781,1540,1644,31,4,9501.711914,16,1421927443,81.029599,0.000684,14,5
1.7387169999999998,1540,1644,31,4,6643.979492,16,1421927443,115.893267,0.000724,14,5
1.280685,1540,1644,31,4,9020.172852,16,1421927443,85.354669,0.0009199999999999,14,5
1.420105,1540,1644,31,4,8134.609863,16,1421927443,94.649867,0.0017829999999999,14,5
1.539459,1540,1644,31,4,7503.935059,16,1421927443,102.606264,0.000137,13,2
1.658091,2302,34406,31,15,10740.0625,30,1421927443,57.164242,0.0008349999999999,13,2
1.833641,1540,1644,31,4,6300.033691,16,1421927443,122.218002,0.0007639999999999,9,4
2.253002,1540,1644,31,4,5127.381348,16,1421927443,150.174133,0.000811,9,4
1.9276,1540,1644,31,4,5992.944336,16,1421927443,128.482869,0.0018809999999999,9,4
2.152968,1540,1644,31,4,5365.616211,16,1421927443,143.502006,0.000176,4,2
1.503615,1540,1644,31,4,7682.817870999999,16,1421927443,100.219999,0.001864,4,2
1.428614,1540,1644,31,4,8086.158691,16,1421927444,95.220199,0.000781,9,4
1.534578,1540,1644,31,4,7527.802734000001,16,1421927444,102.283864,0.000251,9,4
1.396188,2198,34406,31,15,12147.36133,28,1421927443,51.679369,0.001829,6,2
2.047916,1540,1644,31,4,5640.856445,16,1421927443,136.50553,0.000684,2,2
2.018096,1540,1644,31,4,5724.20752,16,1421927443,134.51720600000002,0.001685,2,2
1.941035,1540,1644,31,4,5951.463867,16,1421927443,129.37573999999998,0.000883,13,3
1.489207,2094,34406,31,15,10819.18066,26,1421927443,59.52024,0.00014,6,2
2.131519,1540,1644,31,4,5419.608886999999,16,1421927443,142.073933,0.0001189999999999,9,4
1.655981,2302,34406,31,15,10753.74707,30,1421927443,57.090378,0.000575,14,5
1.863104,1540,1644,31,4,6200.405272999999,16,1421927443,124.155133,0.000794,18,18
1.844655,1540,1644,31,4,6262.41748,16,1421927443,122.952806,0.000742,18,18
1.698712,1540,1644,31,4,6800.446289,16,1421927443,113.223335,0.000936,18,18
1.594057,1540,1644,31,4,7246.917969,16,1421927443,106.244736,0.00187,9,9
1.345141,1540,1644,31,4,8587.947266,16,1421927443,89.570798,0.003771,9,9
1.640436,1540,1644,31,4,7042.030273,16,1421927443,109.330799,0.000167,9,9
2.023998,1540,1644,31,4,5707.515625,16,1421927443,134.90894,0.000151,8,7
2.020177,1540,1644,31,4,5718.311035,16,1421927443,134.603271,0.001577,8,7
1.4534049999999998,1540,1644,31,4,7948.231934,16,1421927443,96.865534,0.0001629999999999,7,5
1.7387169999999998,1540,1644,31,4,6643.979492,16,1421927443,115.893267,0.000724,18,18
1.594783,1540,1644,31,4,7243.619140999999,16,1421927444,106.251601,0.000863,13,13
1.6923279999999998,1540,1644,31,4,6826.100098000001,16,1421927444,112.799468,0.000832,13,13
0.000966,146,178,31,0,604554.875,2,1421927445,0.002,0.0,1,1
8.696906,3806,51808,31,26,3446.74292,64,1421927436,138.040593,0.0001419999999999,7,1
23.850355,3910,51912,31,26,1291.720825,66,1421927421,366.923369,0.000172,8,1
29.643118,1580,10168,31,5,391.051971,12,1421927416,2694.711364,0.000164,2,2
1.799468,1540,1644,31,4,6419.674805,16,1421927443,119.94033600000002,0.000855,13,13
1.890113,1540,1644,31,4,6111.803711,16,1421927443,125.916865,0.00074,13,13
2.035422,1540,1644,31,4,5675.481445,16,1421927443,135.667605,0.000749,5,5
1.976893,1540,1644,31,4,5843.513184,16,1421927443,131.771602,0.000742,11,10
1.286103,2198,34406,31,15,13187.12402,28,1421927443,47.621668,0.000158,3,3
1.83811,1540,1644,31,4,6284.716309,16,1421927443,122.48986,0.001483,18,18
1.278002,1540,1644,31,4,9039.109375,16,1421927443,85.176199,0.000667,18,18
1.7203099999999998,1540,1644,31,4,6715.068848000001,16,1421927443,114.663465,0.000208,9,9
1.968655,1540,1644,31,4,5867.96582,16,1421927443,131.22053799999998,0.000768,7,5
30.788803,138,84,0,0,23.904795,3,1421927414,15394.399,0.0,2,2
31.328632,56,92,0,0,7.150009,2,1421927414,31327.64,0.0,2,2
31.328632,56,92,0,0,7.150009,2,1421927414,31327.64,0.0,2,2
30.788803,138,84,0,0,23.904795,3,1421927414,15394.399,0.0,2,2
1.486998,1540,1644,31,4,7768.672363,16,1421927444,99.1014,0.00078,7,6
0.923388,1540,1644,31,4,12510.4502,16,1421927444,61.53493100000001,0.061834,7,6
0.000978,130,162,31,0,531697.3125,2,1421927445,0.002,0.0,1,1
16.933159,3806,51808,31,26,1770.254517,64,1421927428,268.77518,0.000135,7,1
2.023785,1540,1644,31,4,5708.115723,16,1421927443,134.89719499999998,0.000774,13,13
2.172384,1540,1644,31,4,5317.660156,16,1421927443,144.803069,0.001062,13,13
1.694141,1540,1644,31,4,6818.794922,16,1421927443,112.920934,0.001875,5,5
1.680091,1540,1644,31,4,6875.817870999999,16,1421927443,111.983398,0.001686,18,18
1.859181,1540,1644,31,4,6213.488281,16,1421927443,123.922403,0.000938,18,18
1.969337,1540,1644,31,4,5865.933594,16,1421927443,131.263395,0.001866,18,18
2.120688,2302,34406,31,15,8397.275391,30,1421927443,73.115445,0.001732,18,18
1.3342459999999998,1540,1644,31,4,8658.073242,16,1421927443,88.92733199999999,0.001695,18,18
1.7906099999999998,1540,1644,31,4,6451.433105,16,1421927443,119.350135,0.0017079999999999,18,18
1.474839,1540,1644,31,4,7832.719727,16,1421927443,98.301664,0.0017469999999999,18,18
1.35171,1540,1644,31,4,8546.211914,16,1421927443,90.085934,0.000878,9,9
1.945774,2302,34406,31,15,9152.142578,30,1421927443,67.084174,0.0008539999999999,9,9
2.100899,1540,1644,31,4,5498.598633,16,1421927443,140.0346,0.001812,8,7
1.977337,1540,1644,31,4,5842.200684,16,1421927443,131.799868,0.001895,7,5
1.2454690000000002,1540,1644,31,4,9275.220703,16,1421927444,83.009132,0.000155,11,10
0.907491,320,1826,31,2,2353.742188,6,1421927444,181.4066,0.000157,1,1
0.001029,146,178,31,0,567541.3125,2,1421927445,0.009,0.0,1,1
1.787826,1540,1644,31,4,6461.479004,16,1421927443,119.165668,9.9e-05,13,13
1.484585,424,8824,31,4,1999.2117920000003,8,1421927443,211.968853,0.000755,1,1
1.936358,1540,1644,31,4,5965.838867,16,1421927443,129.066803,0.000287,5,5
1.7279380000000002,1540,1644,31,4,6685.424805,16,1421927443,115.17167,0.000621,11,10
1.606808,1540,1644,31,4,7189.40918,16,1421927443,107.098201,0.000821,7,6
1.594882,1540,1644,31,4,7243.168945,16,1421927443,106.3036,0.000915,18,18
1.301662,1540,1644,31,4,8874.807617,16,1421927443,86.755198,0.000112,9,9
2.068236,1540,1644,31,4,5585.435547,16,1421927443,137.860327,0.000822,8,7
1.575929,2198,34406,31,15,10761.90625,28,1421927443,58.35589,0.000848,2,1
1.882363,1540,1644,31,4,6136.967285,16,1421927443,125.465266,0.000423,11,10
1.232295,320,1826,31,2,1733.351074,6,1421927443,246.3876,0.001883,1,1
1.659089,1540,1644,31,4,6962.857422,16,1421927443,110.572403,0.000855,18,18
1.6796810000000002,1540,1644,31,4,6877.496581999999,16,1421927443,111.953197,0.0009119999999999,9,9
2.065677,1540,1644,31,4,5592.355469,16,1421927443,137.689662,0.002797,8,7
1.57673,1540,1644,31,4,7326.555664,16,1421927443,105.092466,0.00077,7,5
1.873695,1540,1644,31,4,6165.35791,16,1421927444,124.889138,0.000918,13,13
1.087592,1540,1644,31,4,10621.62988,16,1421927444,72.482334,0.000269,11,10
1.147134,1540,1644,31,4,10070.31445,16,1421927444,76.44860200000001,0.00013,11,10
28.208326,1580,10168,31,5,410.942505,12,1421927417,2564.358182,0.000155,2,2
6.671264,1272,2572,31,4,1430.6134029999998,16,1421927438,444.669346,0.00014,7,1
0.001066,146,178,31,0,547842.4375,2,1421927445,0.001,0.0,1,1
0.001017,132,164,31,0,519174.0625,2,1421927445,0.002,0.0,1,1
0.139373,1052,824,31,2,52865.33203,8,1421927445,19.858571,0.0011949999999999,1,1
1.097562,1540,1644,31,4,10525.14648,16,1421927444,73.118668,0.000881,13,13
1.432434,2302,34406,31,15,12431.98633,30,1421927444,49.381795,0.00077,9,9
1.475347,1540,1644,31,4,7830.021973000001,16,1421927443,98.334997,0.0008759999999999,13,13
1.926795,1540,1644,31,4,5995.448242,16,1421927443,128.430796,0.0007099999999999,13,13
1.943071,1540,1644,31,4,5945.228027,16,1421927443,129.509935,0.000148,5,5
1.4421540000000002,2302,34406,31,15,12348.19531,30,1421927443,49.718311,0.000737,11,10
2.110722,424,8824,31,4,1406.153931,8,1421927443,301.484848,0.000755,1,1
1.895228,1540,1644,31,4,6095.308594,16,1421927443,126.325603,0.0008039999999999,11,10
2.239228,1540,1644,31,4,5158.920897999999,16,1421927443,149.253804,0.00013,3,3
2.310491,1540,1644,31,4,4999.802734000001,16,1421927443,154.006338,0.000137,3,3
1.82676,1540,1644,31,4,6323.76416,16,1421927443,121.763466,0.000906,7,6
2.096798,1540,1644,31,4,5509.353027,16,1421927443,139.76452700000002,0.000178,7,6
1.298148,1540,1644,31,4,8898.831055,16,1421927443,86.466268,0.000913,18,18
15.672348,1272,2572,31,4,608.970642,16,1421927429,1044.749217,0.000153,11,1
0.904896,1540,1644,31,4,12766.10742,16,1421927444,60.3046,0.000816,13,13
0.522129,520,304,31,0,5975.534668,4,1421927445,160.649,0.0,2,1
2.17698,1540,1644,31,4,5306.433594,16,1421927443,145.1096,0.001762,13,13
1.872422,1540,1644,31,4,6169.549316,16,1421927443,124.804335,0.000199,5,5
1.969978,1540,1644,31,4,5864.024902,16,1421927443,131.30813899999998,0.00085,11,10
1.894948,2302,34406,31,15,9397.619141,30,1421927443,65.33148,0.000187,11,10
2.117114,2302,34406,31,15,8411.450195,30,1421927443,72.992725,0.001841,7,6
2.056882,1540,1644,31,4,5616.268066,16,1421927443,137.096201,0.001887,18,18
1.6888040000000002,1540,1644,31,4,6840.34375,16,1421927443,112.564135,0.00162,18,18
2.059974,1540,1644,31,4,5607.837890999999,16,1421927443,137.308333,0.000833,8,7
2.0689040000000003,1540,1644,31,4,5583.632812,16,1421927443,137.90499599999998,0.00074,8,7
1.274995,1540,1644,31,4,9060.427734,16,1421927443,84.977603,0.000157,7,5
27.402979,1272,2572,31,4,348.283295,16,1421927417,1826.84365,0.0001629999999999,7,1
1.7e-05,168,0,254,0,39529412.0,2,1421927445,0.017,0.0,1,1
3.043669,1540,1644,31,4,3795.419189,16,1421927443,202.88666,0.000857,13,12
2.322584,1540,1644,31,4,4973.770996,16,1421927443,154.8146,0.000126,7,4
2.707055,1540,1644,31,4,4267.367676,16,1421927443,180.425527,0.001709,20,19
1.132049,8928,320,31,1,58591.10547,14,1421927445,87.08069300000001,0.0001629999999999,1,1
1.035608,8928,320,31,1,64047.39844,14,1421927445,79.66215600000001,0.0008849999999999,1,1
2.89198,1540,1644,31,4,3994.495117,16,1421927444,192.773533,0.000896,13,12
2.572742,1540,1644,31,4,4490.150879,16,1421927444,171.48933799999998,0.000125,13,12
2.305919,1540,1644,31,4,5009.716309,16,1421927444,153.70447099999998,0.000128,16,15
2.072376,1540,1644,31,4,5574.277832,16,1421927444,138.13133100000002,0.0007639999999999,20,19
17.093594,2024,4312,31,6,907.942505,24,1421927429,743.1815650000001,0.000164,20,1
11.830474,3806,51912,31,26,2533.79541,64,1421927435,187.779571,0.000143,6,1
30.733423,4656,3080,31,7,1168.760132,28,1421927415,1138.262167,0.00014,13,1
28.363314000000003,1580,10168,31,5,408.69696,12,1421927418,2578.193682,0.0001409999999999,1,1
3.2141,2302,34406,31,15,5540.586914,30,1421927443,110.81941100000002,0.000726,8,8
2.433189,1540,1644,31,4,4747.679199,16,1421927443,162.134533,0.00085,7,6
2.35964,1540,1644,31,4,4895.662109000001,16,1421927443,157.28706200000002,0.000872,7,6
2.15778,1540,1644,31,4,5353.650879,16,1421927443,143.83053700000002,0.003779,16,15
2.820766,1540,1644,31,4,4095.341553,16,1421927443,188.02566,0.000748,16,15
2.596724,1540,1644,31,4,4448.682129,16,1421927443,173.091399,0.000173,20,19
2.483491,2302,34406,31,15,7170.551758,30,1421927443,85.626038,0.000181,6,4
2.245723,1540,1644,31,4,5144.000488000001,16,1421927443,149.692927,0.0001629999999999,6,5
2.290611,1540,1644,31,4,5043.195801,16,1421927443,152.681729,0.000919,6,5
1.900494,1540,1644,31,4,6078.419434,16,1421927444,126.674934,0.0008759999999999,8,8
2.725175,1540,1644,31,4,4238.994140999999,16,1421927444,181.60047,0.000789,8,8
2.050937,1540,1644,31,4,5632.547852000001,16,1421927444,136.70720500000002,0.000131,8,8
2.525566,1540,1644,31,4,4574.023926,16,1421927444,168.34966200000002,0.000139,20,19
2.133959,1540,1644,31,4,5413.412109000001,16,1421927444,142.240869,0.000905,20,19
0.119112,1052,824,31,2,61857.74609,8,1421927446,16.953714,0.000158,1,1
0.193413,1052,824,31,2,38094.64453,8,1421927446,27.58,0.000168,1,1
1.5391549999999998,2662,23162,31,14,13508.71094,42,1421927445,37.531146,0.000185,6,1
0.001001,132,164,31,0,527472.5,2,1421927446,0.004,0.0,1,1
24.015394,3910,51808,31,26,1282.843872,66,1421927422,369.446405,0.000352,2,1
2.573178,1540,1644,31,4,4489.390136999999,16,1421927444,171.521004,0.000813,13,12
2.719103,1540,1644,31,4,4248.459961,16,1421927444,181.185202,0.00074,13,12
1.990231,568,304,31,0,1712.364014,4,1421927444,452.342656,0.0,6,1
2.466707,1540,1644,31,4,4683.166504,16,1421927444,164.421335,0.000126,16,15
2.489195,1540,1644,31,4,4640.857422,16,1421927444,165.924927,0.000737,16,15
2.63999,1540,1644,31,4,4375.773926,16,1421927444,175.97446200000002,0.000828,16,15
2.631924,1540,1644,31,4,4389.18457,16,1421927444,175.43974,0.000404,20,19
2.479092,1540,1644,31,4,4659.770996,16,1421927444,165.231271,0.000154,6,5
3.095784,1540,1644,31,4,3731.526611,16,1421927443,206.362604,0.000843,13,12
2.695014,2302,34406,31,15,6607.757812,30,1421927443,92.920207,0.000137,7,4
3.094378,1540,1644,31,4,3733.221924,16,1421927443,206.26827,0.0007379999999999,20,19
3.164028,1540,1644,31,4,3651.04248,16,1421927443,210.884862,0.0028,20,19
2.720451,1540,1644,31,4,4246.354492,16,1421927443,181.341196,0.001875,20,19
2.554977,1540,1644,31,4,4521.371582,16,1421927443,170.307735,0.001671,20,19
2.523536,2302,34406,31,15,7056.764648,30,1421927443,87.007238,0.0001419999999999,8,8
2.08609,1540,1644,31,4,5537.632324,16,1421927443,139.04966000000002,0.000133,13,12
2.23766,1540,1644,31,4,5162.536133,16,1421927443,149.148533,0.000167,7,6
2.54014,1540,1644,31,4,4547.780761999999,16,1421927443,169.309798,0.114913,7,4
3.17369,2302,34406,31,15,5611.133789,30,1421927443,109.425793,0.000787,16,15
2.343108,1540,1644,31,4,4930.204102000001,16,1421927443,156.170003,0.000172,20,19
2.888217,2302,34406,31,15,6165.741699,30,1421927443,99.579308,0.000156,6,5
6.755689,1272,2572,31,4,1412.735229,16,1421927439,450.352733,0.000144,6,1
26.173834,4152,2976,31,7,1220.455566,26,1421927420,1046.94028,0.00014,16,1
3.997117,1272,2572,31,4,2387.720947,16,1421927442,266.450521,0.000132,7,1
2.000151,1540,1644,31,4,5775.563965,16,1421927444,133.321473,0.0001419999999999,8,8
2.586287,1540,1644,31,4,4466.634765999999,16,1421927444,172.397394,0.0002009999999999,16,15
1.916703,1272,2572,31,4,4979.383789,16,1421927444,127.754463,0.000179,2,1
2.100271,1540,1644,31,4,5500.242676,16,1421927443,139.996271,0.0009109999999999,13,12
2.818535,2302,34406,31,15,6318.175781,30,1421927443,97.179484,0.001789,13,12
2.506878,1540,1644,31,4,4608.122559,16,1421927443,167.104006,0.002681,6,5
3.064531,1540,1644,31,4,3769.581543,16,1421927443,204.252194,0.000964,6,5
2.76648,2302,34406,31,15,6437.061035,30,1421927443,95.383173,0.0017329999999999,7,6
3.171431,2302,34406,31,15,5615.130859000001,30,1421927443,109.347307,0.000143,20,19
2.473357,1540,1644,31,4,4670.575195,16,1421927443,164.864463,0.0008939999999999,6,4
12.40586,2934,3742,31,15,1855.897095,52,1421927434,243.245533,0.0001409999999999,1,1
2.49132,1540,1644,31,4,4636.899414,16,1421927444,166.065927,8.9e-05,16,15
2.668486,1540,1644,31,4,4329.046386999999,16,1421927444,177.873129,0.001121,20,19
2.203036,1540,1644,31,4,5243.672852000001,16,1421927444,146.846935,0.000783,20,19
2.716888,1540,1644,31,4,4251.923828,16,1421927443,181.104273,0.00081,6,5
2.9467830000000004,1540,1644,31,4,3920.207031,16,1421927443,196.410865,0.009778,6,5
2.5684400000000003,2302,34406,31,15,6933.391602,30,1421927443,88.528796,0.000132,7,6
2.6848240000000003,1540,1644,31,4,4302.703125,16,1421927443,178.965069,0.000918,16,15
2.689048,1540,1644,31,4,4295.943848,16,1421927443,179.2484,0.000153,20,19
2.854204,2302,34406,31,15,6239.217772999999,30,1421927443,98.374242,0.002672,6,5
2.499778,1540,1644,31,4,4621.210449,16,1421927444,166.62733,0.000771,8,8
2.460726,1540,1644,31,4,4694.549316,16,1421927444,164.025198,0.000102,16,15
0.001413,146,178,31,0,413305.0,2,1421927446,0.008,0.0,1,1
2.281268,1540,1644,31,4,5063.850586,16,1421927443,152.06146,0.0007019999999999,7,6
3.3898080000000004,1540,1644,31,4,3407.862793,16,1421927443,225.963869,0.000132,7,4
2.783989,1540,1644,31,4,4149.441895,16,1421927443,185.576872,0.11587,16,15
3.121473,1540,1644,31,4,3700.816895,16,1421927443,208.073135,0.001709,16,15
3.003047,2302,34406,31,15,5929.977051,30,1421927443,103.540446,0.001661,16,15
2.51876,2302,34406,31,15,7070.145508,30,1421927443,86.842623,0.000849,20,19
2.357008,1540,1644,31,4,4901.128906,16,1421927443,157.112194,0.0009029999999999,6,4
2.475688,1540,1644,31,4,4666.177734000001,16,1421927443,165.020598,0.00162,6,4
2.871557,1540,1644,31,4,4022.904541,16,1421927444,191.416802,0.001847,13,12
2.793356,1540,1644,31,4,4135.527344,16,1421927444,186.19934,0.00079,13,12
2.077302,1540,1644,31,4,5561.05957,16,1421927444,138.461727,0.000224,16,15
2.35813,1540,1644,31,4,4898.796875,16,1421927444,157.11786899999998,0.000196,20,19
2.089399,1540,1644,31,4,5528.862305,16,1421927444,139.269331,0.000863,20,19
2.782394,1540,1644,31,4,4151.820312,16,1421927444,185.467867,0.0004669999999999,20,19
11.278294,4550,72810,31,33,3186.297607,78,1421927435,146.453397,0.0001419999999999,7,1
25.357216,3806,51808,31,26,1182.148682,64,1421927421,402.490188,0.000183,7,1
0.00107,132,164,31,0,493457.9375,2,1421927446,0.001,0.0,1,1
2.273934,1540,1644,31,4,5080.183105,16,1421927443,151.57246899999998,0.000821,8,8
2.3607150000000003,1540,1644,31,4,4893.433105,16,1421927443,157.35886200000002,0.000868,13,12
2.932452,1540,1644,31,4,3939.365479,16,1421927443,195.473003,0.000169,6,5
3.123051,1540,1644,31,4,3698.947021,16,1421927443,208.18014,0.0008359999999999,6,1
2.740018,1540,1644,31,4,4216.030761999999,16,1421927443,182.646662,0.000674,12,1
2.539704,1540,1644,31,4,4548.561522999999,16,1421927443,169.29187,0.002531,6,3
2.399028,1540,1644,31,4,4815.283203,16,1421927443,159.914002,0.000653,12,1
2.252858,1540,1644,31,4,5127.708984000001,16,1421927443,150.16754,0.000847,9,1
1.902097,1540,1644,31,4,6073.296875,16,1421927444,126.353202,0.13673,16,1
2.823747,1540,1644,31,4,4091.018066,16,1421927444,188.227135,0.001847,6,3
2.313062,1540,1644,31,4,4994.245605,16,1421927444,154.181396,0.0009199999999999,6,3
5.087665,3910,51808,31,26,6055.430176,66,1421927441,78.266997,0.000135,8,1
3.3924160000000003,4654,72914,31,33,10838.29297,80,1421927442,42.93681,0.0001409999999999,16,1
1.456124,320,1826,31,2,1466.908081,6,1421927445,291.1582,0.0001629999999999,1,1
0.00101,146,178,31,0,578217.8125,2,1421927446,0.001,0.0,1,1
1.910603,2558,23162,31,14,10446.96289,40,1421927445,48.981181,0.000146,12,1
7.203038,1580,10168,31,5,1609.320923,12,1421927440,654.787284,0.000155,2,2
0.000946,132,164,31,0,558139.5625,2,1421927447,0.011,0.0,1,1
3.1200810000000003,1540,1644,31,4,3702.468018,16,1421927444,207.961594,0.000123,8,6
3.447414,1540,1644,31,4,3350.917725,16,1421927444,229.804927,0.000752,12,9
3.82433,2302,34406,31,15,4656.501953,30,1421927443,131.862102,0.000807,8,6
3.494731,1540,1644,31,4,3305.547852,16,1421927443,232.952669,0.001859,10,10
3.374718,2198,34406,31,15,5025.60498,28,1421927443,124.977741,0.000819,10,10
3.431222,1540,1644,31,4,3366.7307130000004,16,1421927443,228.7286,0.002924,6,5
3.4901150000000003,1540,1644,31,4,3309.919678,16,1421927443,232.621529,0.000161,12,10
3.669839,1540,1644,31,4,3147.822021,16,1421927443,244.634602,0.000776,9,5
25.75333,1684,10168,31,5,485.840088,14,1421927421,1980.998,0.000139,1,1
0.001123,132,164,31,0,470169.1563,2,1421927447,0.001,0.0,1,1
17.583885000000002,2934,3742,31,15,1309.380737,52,1421927430,344.773995,0.000137,1,1
28.03735,4654,72810,31,33,1311.393555,80,1421927419,354.899053,0.000179,9,1
2.768424,1540,1644,31,4,4172.770996,16,1421927444,184.534927,0.0008039999999999,16,12
3.090041,1540,1644,31,4,3738.461914,16,1421927444,205.978998,0.000849,16,12
3.401674,1540,1644,31,4,3395.975098,16,1421927443,226.754465,0.000965,8,6
3.5503379999999995,1540,1644,31,4,3253.774658,16,1421927443,236.6642,0.000153,12,9
4.295237,4152,2976,31,7,7437.075195,26,1421927443,171.796245,0.0001419999999999,12,1
4.059817,2302,34406,31,15,4386.404785,30,1421927443,139.978556,0.0009029999999999,6,1
4.241446,2302,34406,31,15,4198.567871,30,1421927443,146.245514,0.000128,12,10
3.4698010000000004,1540,1644,31,4,3329.297607,16,1421927444,231.294267,0.000926,16,12
3.417879,1540,1644,31,4,3379.873779,16,1421927444,227.832465,0.000152,12,9
3.853677,1540,1644,31,4,2997.6564940000003,16,1421927444,256.886,0.001889,2,2
3.49997,1540,1644,31,4,3300.599854,16,1421927444,233.307794,0.000638,12,10
19.429695,17850,1087890,31,370,7327.752441,334,1421927427,58.34630799999999,0.00016,1,1
2.043969,2662,23266,31,14,10172.36621,42,1421927445,49.844758,0.000133,12,1
3.96396,1540,1644,31,4,2914.257568,16,1421927443,264.238396,0.000151,10,10
3.383357,1540,1644,31,4,3414.360352,16,1421927443,225.534265,0.0018679999999999,6,5
3.523315,1540,1644,31,4,3278.730469,16,1421927443,234.8638,0.000395,12,9
3.799001,1540,1644,31,4,3040.799316,16,1421927443,253.244725,0.000848,12,10
25.551237,1580,10168,31,5,453.676666,12,1421927422,2322.803636,0.00014,2,2
23.473442,1580,10168,31,5,493.834686,12,1421927423,2133.910909,0.00014,2,2
32.4104,4550,72810,31,33,1108.779907,78,1421927415,420.909682,0.00016,9,1
3.109457,1540,1644,31,4,3715.118164,16,1421927444,207.267663,0.000948,8,6
3.5403,1540,1644,31,4,3263.000488,16,1421927444,235.998071,0.000143,6,5
3.46969,1540,1644,31,4,3329.404053,16,1421927444,231.286663,0.000128,6,5
2.562286,1540,1644,31,4,4508.474121,16,1421927444,170.789329,0.0289329999999999,6,5
3.671995,1540,1644,31,4,3145.973877,16,1421927444,244.773208,0.000848,2,2
3.191034,1540,1644,31,4,3620.143066,16,1421927444,212.712998,0.000915,12,10
2.8180810000000003,1540,1644,31,4,4099.243652,16,1421927444,187.842733,0.0001699999999999,12,10
2.935111,1540,1644,31,4,3935.796631,16,1421927444,195.649994,0.00183,9,5
3.842948,1540,1644,31,4,3006.025635,16,1421927443,256.173733,0.002762,8,6
4.047745,1540,1644,31,4,2853.93457,16,1421927443,269.828275,0.002822,16,12
3.2856019999999995,1540,1644,31,4,3515.946045,16,1421927443,219.01253,0.001993,16,12
3.539216,1540,1644,31,4,3263.999756,16,1421927443,235.917606,0.000821,10,10
4.27819,2302,34406,31,15,4162.507812,30,1421927443,147.473998,0.000815,10,10
3.905067,1540,1644,31,4,2958.208008,16,1421927443,260.310325,0.001871,10,10
3.746034,1540,1644,31,4,3083.794922,16,1421927443,249.712804,0.001714,12,9
3.8503,1540,1644,31,4,3000.285645,16,1421927443,256.661862,0.0038929999999999,12,10
26.829651,1272,2572,31,4,355.72583,16,1421927421,1788.6107,0.000168,8,1
3.570779,1540,1644,31,4,3235.148438,16,1421927444,238.028401,0.000773,10,10
2.9470810000000003,1540,1644,31,4,3919.810791,16,1421927444,196.436065,0.000843,10,10
2.841379,1540,1644,31,4,4065.631592,16,1421927444,189.403462,0.000256,12,9
3.65931,1540,1644,31,4,3156.87915,16,1421927444,243.930271,0.0004059999999999,12,9
0.000983,130,162,31,0,528992.875,2,1421927447,0.001,0.0,1,1
0.001056,146,178,31,0,553030.3125,2,1421927447,0.005,0.0,1,1
25.687225,4152,2976,31,7,1243.575317,26,1421927421,1027.47608,0.000136,16,1
18.977949,4550,72810,31,33,1893.56604,78,1421927428,246.461739,0.000166,16,1
3.984401,1540,1644,31,4,2899.306641,16,1421927443,265.603608,0.00263,16,12
3.5678300000000003,1540,1644,31,4,3237.822266,16,1421927443,237.831673,0.000719,10,10
3.728023,2302,34406,31,15,4776.794434,30,1421927443,128.540659,0.000162,12,10
3.821381,1540,1644,31,4,3022.990723,16,1421927443,254.736133,0.001782,12,10
3.5249550000000003,2302,34406,31,15,5051.979492,30,1421927443,121.53762,0.001739,8,6
3.290007,1540,1644,31,4,3511.238525,16,1421927443,219.312394,0.0008359999999999,16,12
4.032189,1540,1644,31,4,2864.945068,16,1421927443,268.789663,0.000161,16,12
3.736351,1540,1644,31,4,3091.786621,16,1421927443,249.067533,0.001769,16,12
4.17703,1540,1644,31,4,2765.601318,16,1421927443,278.446479,0.0017739999999999,10,10
3.886939,2302,34406,31,15,4581.49707,30,1421927443,134.021551,0.000794,12,9
3.775378,1540,1644,31,4,3059.826172,16,1421927443,251.669588,0.000839,12,10
3.755879,1540,1644,31,4,3075.7114260000003,16,1421927443,250.369192,0.000655,9,5
3.755163,1540,1644,31,4,3076.297852,16,1421927443,250.322721,0.000716,9,5
3.247998,1540,1644,31,4,3556.652344,16,1421927444,216.5068,0.000694,16,12
2.967813,1540,1644,31,4,3892.428467,16,1421927444,197.83234,0.0008039999999999,16,12
2.604756,1540,1644,31,4,4434.964355,16,1421927444,173.628673,0.080942,16,12
2.810117,1540,1644,31,4,4110.86084,16,1421927444,187.319337,0.000679,12,9
3.160423,1540,1644,31,4,3655.206787,16,1421927444,210.669737,0.000134,9,5
16.62048,4552,2976,31,7,2106.79834,26,1421927431,664.8059599999999,0.000151,9,1
18.769098,2024,4416,31,6,826.891052,24,1421927429,816.029753,0.0001629999999999,6,2
21.573469,1580,10168,31,5,537.32666,12,1421927425,1961.185455,0.000162,1,1
21.438271,37230,3380,31,8,13626.09961,52,1421927426,420.35129000000006,0.000147,1,1
1.394111,424,8824,31,4,2128.955322,8,1421927446,199.106281,0.000139,1,1
1.013562,320,1826,31,2,2107.419189,6,1421927446,202.6238,0.0002,1,1
0.259596,1052,824,31,2,28382.56445,8,1421927447,37.02943,0.000169,2,2
0.000996,132,164,31,0,530120.5,2,1421927447,0.008,0.0,1,1
18.769098,2024,4416,31,6,826.891052,24,1421927429,816.029753,0.0001629999999999,6,2
3.418792,1540,1644,31,4,3378.971191,16,1421927444,227.896537,0.001796,13,5
2.855173,1540,1644,31,4,4045.989258,16,1421927444,190.249729,0.000637,13,4
3.804176,2302,34406,31,15,4681.171386999999,30,1421927444,131.167073,0.000786,4,2
3.54135,2302,34406,31,15,5028.59082,30,1421927444,122.102484,0.0008119999999999,4,2
3.8387,1540,1644,31,4,3009.3520510000003,16,1421927444,255.891746,0.0008789999999999,11,2
3.033186,1540,1644,31,4,3808.536621,16,1421927444,202.187265,0.000762,4,3
3.883449,2302,34406,31,15,4585.614258,30,1421927443,133.89796299999998,0.002846,12,2
4.000979,1540,1644,31,4,2887.293457,16,1421927443,266.708875,0.002784,5,2
3.798946,1540,1644,31,4,3040.843506,16,1421927443,253.241079,0.000851,13,5
3.927757,1540,1644,31,4,2941.118896,16,1421927443,261.829612,0.002951,13,5
4.026651,1540,1644,31,4,2868.885498,16,1421927443,268.419388,0.0017929999999999,13,5
3.395115,1540,1644,31,4,3402.535889,16,1421927443,226.319794,0.000188,3,2
3.51149,1540,1644,31,4,3289.771484,16,1421927443,234.074204,0.000915,13,4
3.343087,1540,1644,31,4,3455.489014,16,1421927443,222.849,0.000105,4,3
15.712255,1580,10168,31,5,737.768066,12,1421927431,1428.350682,0.000137,2,2
7.692117,4654,72810,31,33,4779.958496,80,1421927440,97.364313,0.000135,13,1
3.739207,2302,34406,31,15,4762.507324,30,1421927444,128.924101,0.000886,14,2
3.568176,1540,1644,31,4,3237.508545,16,1421927444,237.856465,0.201782,3,2
3.631896,1540,1644,31,4,3180.707764,16,1421927444,242.102929,0.0009369999999999,13,4
2.981832,1540,1644,31,4,3874.128418,16,1421927444,198.765666,0.000865,13,4
2.981925,1540,1644,31,4,3874.007568,16,1421927444,198.7716,0.000242,11,2
2.979316,1540,1644,31,4,3877.400146,16,1421927444,198.598933,0.000138,4,3
2.464666,424,8824,31,4,1204.219971,8,1421927445,351.931571,0.001032,1,1
4.388101,1272,2572,31,4,2174.972656,16,1421927442,292.496608,0.0001409999999999,12,1
1.3314549999999998,2438,18612,31,13,14264.09473,38,1421927446,35.976702,0.000134,5,1
0.715108,424,8824,31,4,4150.422363000001,8,1421927446,102.108431,0.000226,1,1
0.471339,1052,824,31,2,15632.06152,8,1421927447,67.280286,0.000144,2,2
3.762661,1540,1644,31,4,3070.167725,16,1421927443,250.822725,0.001875,14,2
3.950887,1540,1644,31,4,2923.900391,16,1421927443,263.366667,0.000753,12,2
3.279322,1540,1644,31,4,3522.679443,16,1421927443,218.598006,0.00082,5,2
3.929447,2302,34406,31,15,4531.935547,30,1421927443,135.451726,0.000128,13,5
3.670088,2302,34406,31,15,4852.199707,30,1421927443,126.539722,0.0018559999999999,4,2
30.451504,1684,10168,31,4,410.882843,14,1421927417,2342.3933850000003,0.000165,3,1
20.215185,4550,72810,31,33,1777.673584,78,1421927427,262.530237,0.000146,11,1
7.873177,1580,10168,31,5,1472.34082,12,1421927439,715.7048179999999,0.000158,1,1
3.49997,1540,1644,31,4,3300.599854,16,1421927444,233.307794,0.000638,4,2
2.7249950000000003,2952,44474,62,17,8273.042969,22,1421927444,129.761664,0.049413,1,1
0.633943,564,354,254,1,6410.670897999999,10,1421927446,68.938778,0.045595,1,1
16.414621,4654,72810,31,33,2239.954102,80,1421927431,207.775204,0.000143,4,1
34.077175,37358,3380,31,8,8601.652344,52,1421927414,668.1728870000001,0.000173,1,1
4.295148,1540,1644,31,4,2689.5463870000003,16,1421927443,286.316996,0.001674,14,12
4.662033,1540,1644,31,4,2477.888916,16,1421927443,310.778338,0.000988,14,12
4.362587,1540,1644,31,4,2647.970215,16,1421927443,290.815275,0.000321,12,6
4.387004,1540,1644,31,4,2633.232178,16,1421927443,292.443654,0.000767,12,6
5.056451,1540,1644,31,4,2284.606445,16,1421927443,337.071613,0.000919,13,7
4.696884,1540,1644,31,4,2459.50293,16,1421927443,313.098079,0.001877,13,7
4.708214,1540,1644,31,4,2453.584473,16,1421927443,313.856004,0.000128,13,7
4.531117,2302,34406,31,15,3930.156738,30,1421927443,156.233789,0.000166,3,1
4.615778,1540,1644,31,4,2502.719971,16,1421927443,307.626675,0.000627,13,7
4.222224,1540,1644,31,4,2735.998779,16,1421927443,281.393075,0.000834,13,7
4.353405,1540,1644,31,4,2653.5551760000003,16,1421927443,290.204808,0.000807,13,7
0.821008,1052,824,31,2,8974.333984,8,1421927447,117.237433,0.00016,1,1
1.324332,1540,1644,31,4,8722.888672,16,1421927447,88.264667,0.000166,11,7
2.81793,1580,10168,31,5,4113.657715,12,1421927445,256.141273,0.001167,1,1
2.662148,1684,10168,31,5,4699.963867,14,1421927445,204.746226,0.000129,3,2
4.123863,1540,1644,31,4,2801.256836,16,1421927444,274.869271,0.001768,14,12
4.033780999999999,1540,1644,31,4,2863.814453,16,1421927444,268.893921,0.00078,12,6
4.268914,1540,1644,31,4,2706.074463,16,1421927444,284.572796,0.101787,11,7
3.977135,1540,1644,31,4,2904.603516,16,1421927444,265.05341200000004,0.0019089999999999,4,1
4.55167,1540,1644,31,4,2537.969482,16,1421927443,303.424254,0.0009699999999999,13,7
17.162243,4550,72810,31,33,2093.8989260000003,78,1421927431,222.880184,0.0001409999999999,13,1
19.023893,3910,51808,31,26,1619.437134,66,1421927429,292.670293,0.000165,12,1
19.648373,4656,3080,31,7,1828.141235,28,1421927428,727.698417,0.000156,4,1
28.696102000000003,4552,2976,31,7,1220.235352,26,1421927419,1147.82552,0.000162,12,1
28.512877000000003,4656,2976,31,7,1259.781738,28,1421927420,1056.017593,0.000131,12,1
4.921817,1540,1644,31,4,2347.10083,16,1421927443,328.097125,0.0008759999999999,14,12
4.405994000000001,1540,1644,31,4,2621.8828120000003,16,1421927443,293.711142,0.001847,14,12
4.664951,2302,34406,31,15,3817.403564,30,1421927443,160.849338,0.001686,12,6
4.209344000000001,1540,1644,31,4,2744.370605,16,1421927443,280.600521,0.0037799999999999,12,6
4.715484,1540,1644,31,4,2449.801514,16,1421927443,314.338133,0.000895,13,7
4.732703,1540,1644,31,4,2440.888428,16,1421927443,315.489346,0.001746,13,7
4.694447,1540,1644,31,4,2460.779785,16,1421927443,312.937321,0.0009599999999999,11,7
5.660308000000001,1684,10168,31,5,2210.480469,14,1421927443,435.37824000000006,0.000186,3,2
4.313128,1540,1644,31,4,2678.334717,16,1421927444,287.519325,0.000671,5,2
3.5901629999999995,1540,1644,31,4,3217.681152,16,1421927444,239.307206,0.000124,13,7
4.045154,2302,34406,31,15,4402.304688,30,1421927444,139.445453,0.001787,13,7
1.4114209999999998,320,1826,31,2,1513.36853,6,1421927446,282.2134,0.004864,1,1
1.927144,528,304,31,0,1643.883301,4,1421927446,228.34,0.0,13,1
2.4466810000000003,2662,23266,31,14,8498.042969,42,1421927446,59.665415,0.000137,11,1
1.4830020000000002,1540,1644,31,4,7789.605469,16,1421927447,98.8464,0.000121,11,7
0.000977,132,164,31,0,540429.875,2,1421927448,0.01,0.0,1,1
0.000921,132,164,31,0,573289.875,2,1421927448,0.011,0.0,1,1
2.185874,1684,10168,31,5,5724.026367,14,1421927446,168.11262,0.0001899999999999,1,1
34.27533,1684,10168,31,5,365.043915,14,1421927414,2636.5354620000003,0.00014,1,1
4.589917,1540,1644,31,4,2516.821045,16,1421927444,305.972933,0.000971,14,12
4.305681,1540,1644,31,4,2682.966797,16,1421927444,287.024992,0.001697,13,7
4.376099,1540,1644,31,4,2639.793945,16,1421927444,290.71153300000003,0.000185,11,7
4.935382,1540,1644,31,4,2340.649658,16,1421927443,329.003679,0.0016879999999999,14,12
5.153114,1540,1644,31,4,2241.751465,16,1421927443,343.519667,0.000839,14,12
4.6219660000000005,1540,1644,31,4,2499.369385,16,1421927443,308.104871,0.000138,14,12
4.789484,1540,1644,31,4,2411.950928,16,1421927443,319.271146,0.000633,14,12
4.417987,1540,1644,31,4,2614.765625,16,1421927443,294.496725,0.000957,14,12
4.348222,1540,1644,31,4,2656.7182620000003,16,1421927443,289.821942,0.000133,12,6
4.589021,2302,34406,31,15,3880.566162,30,1421927443,158.231548,0.0008939999999999,5,2
4.370824,1540,1644,31,4,2642.97998,16,1421927443,291.366925,0.0008179999999999,13,7
4.383843,1540,1644,31,4,2635.130859,16,1421927443,292.233933,0.0017079999999999,13,7
4.445363,2302,34406,31,15,4005.971924,30,1421927443,158.751352,0.0018629999999999,4,2
4.322935,2302,34406,31,15,4119.42334,30,1421927443,149.05342,0.000131,4,2
4.572148,1540,1644,31,4,2526.602539,16,1421927443,304.777596,0.000888,11,7
4.50672,1540,1644,31,4,2563.283203,16,1421927443,300.427467,0.0027559999999999,11,7
4.398065,2302,34406,31,15,4049.053223,30,1421927443,151.645822,0.00472,14,12
4.157208,1540,1644,31,4,2778.788086,16,1421927443,277.121742,0.000795,13,8
4.1783660000000005,1540,1644,31,4,2764.717041,16,1421927443,278.532263,0.000146,6,2
4.303426,1540,1644,31,4,2684.373047,16,1421927443,286.869721,0.000858,13,11
4.455094,1540,1644,31,4,2592.986816,16,1421927443,296.983929,0.000167,8,4
17.585854,1272,2572,31,4,542.708923,16,1421927430,1172.366917,0.000146,6,1
16.834574,3806,51912,31,26,1780.621216,64,1421927431,267.209169,0.000161,6,1
14.172994,1580,10168,31,5,817.893555,12,1421927434,1288.352045,0.0001419999999999,2,2
13.467873999999998,1272,2572,31,4,708.649353,16,1421927435,897.833625,0.0001409999999999,3,1
4.447732,1540,1644,31,4,2597.278809,16,1421927444,296.492679,0.0001409999999999,13,8
4.859886,1540,1644,31,4,2377.010498,16,1421927444,323.969721,0.00251,6,3
3.968992,2198,34406,31,15,4273.125488000001,28,1421927444,146.98707199999998,0.00085,6,2
3.661041,1540,1644,31,4,3155.386719,16,1421927444,244.026867,0.000187,8,4
3.434325,568,312,31,0,992.334717,4,1421927444,1109.336,0.0,8,1
4.2168790000000005,1540,1644,31,4,2739.466797,16,1421927444,281.10393700000003,0.000117,3,1
3.699533,1540,1644,31,4,3122.556396,16,1421927444,246.610537,0.001859,17,14
4.358796,1540,1644,31,4,2650.273193,16,1421927444,290.562546,0.002726,6,3
3.952174,1540,1644,31,4,2922.9482420000004,16,1421927444,263.455742,0.000778,6,3
0.00104,146,178,31,0,561538.4375,2,1421927448,0.008,0.0,1,1
32.662319000000004,1272,2572,31,4,292.202148,16,1421927415,2177.4604,0.000166,17,1
4.911257,1540,1644,31,4,2352.147461,16,1421927443,327.39540800000003,0.001727,6,3
4.335927,2302,34406,31,15,4107.080078,30,1421927443,149.503248,0.000799,6,3
4.645892,1540,1644,31,4,2486.497559,16,1421927443,309.704129,0.000175,13,11
4.468047,1540,1644,31,4,2585.469482,16,1421927443,297.845604,0.0017829999999999,17,14
5.730104,4550,72810,31,33,6271.439453,78,1421927443,74.40815400000001,0.000139,6,1
4.839944,2302,34406,31,15,3679.381592,30,1421927443,166.88358,0.000933,6,3
4.524916999999999,1540,1644,31,4,2552.974854,16,1421927444,301.635879,9.4e-05,8,4
4.569728,2302,34406,31,15,3896.949707,30,1421927444,157.564317,0.000908,4,2
2.84094,2558,23162,31,14,7025.84375,40,1421927445,72.836433,0.00013,6,1
0.001078,146,178,31,0,541744.0,2,1421927448,0.004,0.0,2,2
0.000946,130,162,31,0,549682.875,2,1421927448,0.011,0.0,2,2
31.022423,4654,72914,31,33,1185.207275,80,1421927417,392.684625,0.00016,13,1
4.511789,1540,1644,31,4,2560.403564,16,1421927443,300.730475,0.000905,13,8
4.863933,1540,1644,31,4,2375.032715,16,1421927443,324.166792,0.000224,13,8
4.413989,1540,1644,31,4,2617.133789,16,1421927443,294.230267,0.0017829999999999,6,2
4.602747,1540,1644,31,4,2509.805664,16,1421927443,306.828008,0.000128,13,11
4.4641980000000006,1540,1644,31,4,2587.69873,16,1421927443,297.589346,0.0009279999999999,13,11
5.342585,1540,1644,31,4,2162.249023,16,1421927443,356.149279,0.0001419999999999,17,14
5.385915,1540,1644,31,4,2144.85376,16,1421927443,359.041333,0.001769,17,14
9.780945,1684,10168,31,5,1279.222046,14,1421927438,752.3170769999999,0.0001419999999999,1,1
12.487157,4550,72810,31,33,2877.836914,78,1421927436,162.166597,0.000147,6,1
0.974519,424,8824,31,4,3045.60498,8,1421927447,139.166286,0.001,1,1
1.469361,1540,1644,31,4,7861.921387,16,1421927447,97.929666,0.00013,17,14
0.000921,132,164,31,0,573289.875,2,1421927448,0.011,0.0,1,1
4.213758,2406,34406,31,15,4425.503418,32,1421927444,135.91613600000002,0.0017579999999999,17,14
4.590329,1540,1644,31,4,2516.595215,16,1421927443,306.000254,0.000152,13,8
4.42884,1540,1644,31,4,2608.35791,16,1421927443,295.2344,0.000683,13,8
4.6329910000000005,1540,1644,31,4,2493.421631,16,1421927443,308.836329,0.097899,13,8
4.55167,1540,1644,31,4,2537.969482,16,1421927443,303.424254,0.0009699999999999,13,11
4.743863,1540,1644,31,4,2435.14624,16,1421927443,316.235946,0.000131,13,11
4.6972190000000005,1540,1644,31,4,2459.3276370000003,16,1421927443,313.092533,0.000267,13,11
4.554883,1540,1644,31,4,2536.179199,16,1421927443,303.63246200000003,0.001746,13,11
3.243049,1540,1644,31,4,3562.080078,16,1421927444,216.166863,0.000757,6,2
4.310891000000001,1540,1644,31,4,2679.724365,16,1421927444,287.370675,0.0017629999999999,17,14
13.620220000000002,1684,10168,31,5,918.634216,14,1421927434,1047.679885,0.000158,2,2
15.392247,1684,10168,31,5,812.87677,14,1421927432,1183.988115,0.00014,3,3
20.923395000000003,1684,10168,31,5,597.990906,14,1421927427,1609.459769,0.0001409999999999,1,1
0.060457,1052,824,31,2,121871.75,8,1421927448,8.585571,0.000245,2,1
1.866674,2438,18508,31,13,10174.24609,38,1421927446,50.441404,0.000212,13,1
1.706135,1540,1644,31,4,6770.859375,16,1421927446,113.641997,0.000212,17,14
1.623703,1540,1644,31,4,7114.601562000001,16,1421927446,108.222535,0.0004469999999999,17,14
3.764111,1684,10168,31,5,3324.025146,14,1421927445,289.50930800000003,0.000137,3,3
26.358074,1272,2572,31,4,362.090179,16,1421927421,1757.1805170000002,0.000162,6,1
24.681704,1580,10168,31,5,469.659637,12,1421927423,2243.757955,0.000151,3,3
29.615318,4656,3080,31,7,1212.885864,28,1421927418,1096.849907,0.0001199999999999,6,1
4.664102,1540,1644,31,4,2476.789795,16,1421927443,310.916271,0.003851,13,8
4.683249,1540,1644,31,4,2466.663574,16,1421927443,312.1966,0.000107,13,11
5.153183,1540,1644,31,4,2241.721191,16,1421927443,343.489075,0.000155,13,11
4.242953,1540,1644,31,4,2722.632324,16,1421927443,282.843992,0.000834,13,11
4.475955,1540,1644,31,4,2580.901611,16,1421927443,298.3736,0.000261,8,4
4.438105,1540,1644,31,4,2602.912598,16,1421927443,295.847879,0.0017929999999999,17,14
4.3006,1540,1644,31,4,2686.136719,16,1421927443,286.686675,0.001686,17,14
4.531651999999999,1540,1644,31,4,2549.180664,16,1421927443,302.085737,0.001004,17,14
4.254707,2302,34406,31,15,4185.482422,30,1421927443,146.703477,0.000144,4,2
4.159266000000001,1540,1644,31,4,2777.413086,16,1421927444,277.258067,0.000126,17,14
22.610283,3910,51912,31,26,1362.565918,66,1421927426,347.845363,0.000166,8,1
0.123247,1052,824,31,2,59782.39063,8,1421927448,17.551285,0.000126,1,1
2.076156,2302,34406,31,15,8577.390625,30,1421927446,71.580139,0.000135,17,14
0.809036,1540,1644,31,4,14278.72168,16,1421927448,53.905401,0.000143,13,3
16.679234,3910,51808,31,26,1847.08728,66,1421927432,256.598425,0.000145,13,1
4.812889,1540,1644,31,4,2400.221436,16,1421927444,320.838142,0.0709149999999999,13,3
5.217712000000001,1540,1644,31,4,2213.997314,16,1421927444,347.824796,0.001675,8,2
4.649918,1540,1644,31,4,2484.344727,16,1421927444,309.968788,0.000806,3,1
5.584211,2302,34406,31,15,3188.991211,30,1421927443,192.519655,0.0018039999999999,6,1
5.260135,1540,1644,31,4,2196.141357,16,1421927443,350.58385400000003,0.0038729999999999,13,1
6.254194,1540,1644,31,4,1847.080566,16,1421927443,416.924325,0.001838,6,2
1.986066,1540,1644,31,4,5816.523926,16,1421927448,132.37746,0.000176,6,2
1.7457599999999998,2438,18508,31,13,10878.92969,38,1421927448,47.174191,0.000117,4,1
2.011751,8928,320,31,1,32970.28516,14,1421927447,154.750078,0.000133,1,1
0.000881,132,164,31,0,599318.9375,2,1421927449,0.011,0.0,1,1
0.0009689999999999,146,178,31,0,602683.1875,2,1421927449,0.008,0.0,1,1
21.601025,1580,10168,31,5,536.6412349999999,12,1421927427,1963.699091,0.000143,2,1
23.525303,3806,51808,31,26,1274.202515,64,1421927425,373.411643,0.000165,6,1
15.817905,7816,15132,31,32,3920.620117,122,1421927433,130.723864,0.0001409999999999,6,1
5.346186,1540,1644,31,4,2160.792725,16,1421927444,356.3866,0.001775,13,3
5.782176,1540,1644,31,4,1997.86377,16,1421927444,385.450921,0.000161,17,2
5.809895,1540,1644,31,4,1988.331909,16,1421927444,387.302804,0.101857,4,1
5.900298,2302,34406,31,15,3018.152588,30,1421927443,203.447373,0.000609,6,1
5.497936,2302,34406,31,15,3239.033936,30,1421927443,189.572313,0.000183,8,2
6.158804,2302,34406,31,15,2891.470459,30,1421927443,212.361283,0.000213,17,2
5.2164470000000005,1540,1644,31,4,2214.53418,16,1421927444,347.742321,0.000129,6,1
4.937931,1540,1644,31,4,2339.441406,16,1421927444,329.173875,0.000731,8,8
